1 7e-07
2 7.52e-07
3 7.59e-07
4 7.64e-07
5 8.35e-07
6 7.39e-07
7 7.38e-07
8 7.53e-07
9 7.64e-07
10 7.73e-07
20 8.03e-07
30 8.25e-07
40 8.71e-07
50 8.77e-07
60 9.03e-07
70 1.002e-06
80 1.03e-06
90 1.078e-06
100 1.051e-06
200 1.471e-06
300 1.747e-06
400 2.156e-06
500 2.405e-06
600 2.807e-06
700 3.317e-06
800 3.514e-06
900 3.92e-06
1000 4.323e-06
2000 7.799e-06
3000 1.1339e-05
4000 1.4749e-05
5000 1.8289e-05
6000 2.1763e-05
7000 2.5326e-05
8000 2.8761e-05
9000 3.2314e-05
10000 3.6861e-05
20000 7.0768e-05
30000 0.000105862
40000 0.000140951
50000 0.000175997
60000 0.00021107
70000 0.000246058
80000 0.000281095
90000 0.000321039
100000 0.00035123
200000 0.000718299
300000 0.00107464
400000 0.00142884
500000 0.00175745
600000 0.00211618
700000 0.00247051
800000 0.00281828
900000 0.00317299
1000000 0.00365905
2000000 0.00705367
3000000 0.010548
4000000 0.0140601
5000000 0.0175686
6000000 0.0210809
7000000 0.024624
8000000 0.0282792
9000000 0.0317927
10000000 0.035264
20000000 0.0704641
30000000 0.105611
40000000 0.140699
50000000 0.176025
60000000 0.21102
70000000 0.246015
80000000 0.281307
90000000 0.316258
100000000 0.351336
