1 1.172e-06
2 1.625e-06
3 2.051e-06
4 2.57e-06
5 2.954e-06
6 3.483e-06
7 3.938e-06
8 4.357e-06
9 4.819e-06
10 5.182e-06
20 9.707e-06
30 1.4213e-05
40 1.8741e-05
50 2.3252e-05
60 2.7711e-05
70 3.2183e-05
80 3.6662e-05
90 4.1249e-05
100 4.5759e-05
200 9.0963e-05
300 0.000135988
400 0.000181029
500 0.000226347
600 0.000271304
700 0.000316458
800 0.000361716
900 0.000406695
1000 0.000451663
2000 0.000905797
3000 0.00135622
4000 0.00181111
5000 0.00227272
6000 0.00272598
7000 0.00317026
8000 0.00361744
9000 0.00408213
10000 0.00453291
20000 0.0090512
30000 0.0135712
40000 0.0180862
50000 0.0225984
60000 0.0271173
70000 0.0316329
80000 0.0361639
90000 0.0406782
100000 0.0451849
200000 0.090395
300000 0.135515
400000 0.180685
500000 0.225856
600000 0.271042
700000 0.316194
800000 0.36135
900000 0.406545
1000000 0.451728
2000000 0.903412
3000000 1.35512
4000000 1.80674
5000000 2.25856
6000000 2.71017
7000000 3.16197
8000000 3.61349
9000000 4.0652
10000000 4.51699
20000000 9.03387
30000000 13.5505
40000000 18.0676
50000000 22.5849
60000000 27.1016
70000000 31.6182
80000000 36.1353
90000000 40.6524
100000000 45.1694
