1 7.26e-07
2 7.66e-07
3 7.38e-07
4 8.61e-07
5 8.26e-07
6 9.01e-07
7 8.78e-07
8 9.47e-07
9 9.36e-07
10 9.87e-07
20 1.164e-06
30 1.42e-06
40 1.701e-06
50 1.885e-06
60 2.209e-06
70 2.37e-06
80 2.585e-06
90 2.825e-06
100 3.086e-06
200 5.31e-06
300 7.657e-06
400 9.965e-06
500 1.2183e-05
600 1.4583e-05
700 1.6758e-05
800 1.9082e-05
900 2.1391e-05
1000 2.3743e-05
2000 4.6849e-05
3000 6.9574e-05
4000 9.3023e-05
5000 0.000121043
6000 0.000155781
7000 0.000174933
8000 0.000184496
9000 0.000207422
10000 0.000247346
20000 0.000478902
30000 0.000730787
40000 0.000958378
50000 0.00118767
60000 0.00142286
70000 0.00166208
80000 0.00185774
90000 0.00211575
100000 0.00234927
200000 0.00464236
300000 0.00698208
400000 0.00932108
500000 0.011667
600000 0.0140111
700000 0.016329
800000 0.0186351
900000 0.0209192
1000000 0.0231988
2000000 0.0462743
3000000 0.0692776
4000000 0.0922512
5000000 0.115258
6000000 0.138279
7000000 0.161159
8000000 0.184331
9000000 0.207124
10000000 0.230196
20000000 0.460295
30000000 0.690416
40000000 0.920622
50000000 1.15072
60000000 1.38073
70000000 1.61093
80000000 1.84117
90000000 2.07122
100000000 2.30132
