1 5.795e-06
2 1.0661e-05
3 1.5646e-05
4 2.0634e-05
5 2.4812e-05
6 3.0578e-05
7 4.1109e-05
8 4.0554e-05
9 4.5529e-05
10 4.9669e-05
20 9.9366e-05
30 0.000149118
40 0.000215881
50 0.000248497
60 0.000298284
70 0.000352898
80 0.000397778
90 0.000447476
100 0.000501818
200 0.000998562
300 0.00149562
400 0.0020041
500 0.00250154
600 0.00303221
700 0.00349436
800 0.00399922
900 0.0044938
1000 0.00499359
2000 0.00997556
3000 0.0149549
4000 0.0199353
5000 0.0249161
6000 0.029898
7000 0.0348771
8000 0.0398624
9000 0.044835
10000 0.0498227
20000 0.0996207
30000 0.149448
40000 0.199222
50000 0.249076
60000 0.298837
70000 0.34864
80000 0.398437
90000 0.448244
100000 0.49804
200000 0.99613
300000 1.49416
400000 1.99213
500000 2.49023
600000 2.98844
700000 3.48628
800000 3.98439
900000 4.4824
1000000 4.98064
2000000 9.961
3000000 14.9415
4000000 19.9218
5000000 24.9045
6000000 29.8827
7000000 34.8633
8000000 39.844
9000000 44.8243
10000000 49.8038
20000000 99.6075
30000000 149.411
40000000 199.221
50000000 249.021
60000000 298.826
70000000 348.636
80000000 398.435
90000000 448.239
100000000 498.043
